    21
  Khoe-San 0.000 0.123 0.060 0.129 0.044 0.120 0.115 0.058 0.050 0.064 0.156 0.095 0.052 0.047 0.171 0.129 0.059 0.124 0.132 0.054 0.123
USA_Indian 0.123 0.000 0.137 0.035 0.137 0.003 0.032 0.134 0.109 0.053 0.079 0.034 0.124 0.087 0.073 0.035 0.062 0.035 0.036 0.067 0.004
Niger_Cong 0.060 0.137 0.000 0.148 0.011 0.133 0.127 0.005 0.003 0.063 0.173 0.106 0.007 0.010 0.181 0.149 0.054 0.143 0.151 0.050 0.136
European_U 0.129 0.035 0.148 0.000 0.148 0.034 0.026 0.145 0.116 0.049 0.052 0.018 0.135 0.092 0.106 0.000 0.061 0.003 0.006 0.067 0.041
Niger-Cong 0.044 0.137 0.011 0.148 0.000 0.134 0.128 0.013 0.011 0.063 0.173 0.107 0.009 0.016 0.182 0.149 0.054 0.143 0.151 0.050 0.136
South_Asia 0.120 0.003 0.133 0.034 0.134 0.000 0.028 0.131 0.105 0.051 0.078 0.032 0.121 0.084 0.062 0.034 0.060 0.033 0.034 0.064 0.002
Latin_Amer 0.115 0.032 0.127 0.026 0.128 0.028 0.000 0.125 0.099 0.047 0.071 0.028 0.115 0.077 0.068 0.026 0.055 0.025 0.027 0.060 0.035
Niger_Cong 0.058 0.134 0.005 0.145 0.013 0.131 0.125 0.000 0.005 0.060 0.170 0.103 0.009 0.010 0.179 0.145 0.051 0.140 0.148 0.048 0.133
African-Ca 0.050 0.109 0.003 0.116 0.011 0.105 0.099 0.005 0.000 0.044 0.145 0.079 0.006 0.003 0.155 0.117 0.037 0.112 0.120 0.034 0.108
Afro-Asiat 0.064 0.053 0.063 0.049 0.063 0.051 0.047 0.060 0.044 0.000 0.087 0.017 0.050 0.032 0.111 0.050 0.003 0.042 0.056 0.005 0.055
       ACL 0.156 0.079 0.173 0.052 0.173 0.078 0.071 0.170 0.145 0.087 0.000 0.063 0.161 0.124 0.142 0.052 0.097 0.053 0.057 0.102 0.084
Afro-Asiat 0.095 0.034 0.106 0.018 0.107 0.032 0.028 0.103 0.079 0.017 0.063 0.000 0.093 0.060 0.101 0.019 0.026 0.011 0.027 0.032 0.037
Niger_Cong 0.052 0.124 0.007 0.135 0.009 0.121 0.115 0.009 0.006 0.050 0.161 0.093 0.000 0.009 0.170 0.135 0.042 0.129 0.138 0.038 0.123
African-Am 0.047 0.087 0.010 0.092 0.016 0.084 0.077 0.010 0.003 0.032 0.124 0.060 0.009 0.000 0.134 0.093 0.027 0.088 0.096 0.025 0.087
East_Asian 0.171 0.073 0.181 0.106 0.182 0.062 0.068 0.179 0.155 0.111 0.142 0.101 0.170 0.134 0.000 0.106 0.117 0.105 0.099 0.121 0.067
European_c 0.129 0.035 0.149 0.000 0.149 0.034 0.026 0.145 0.117 0.050 0.052 0.019 0.135 0.093 0.106 0.000 0.062 0.003 0.007 0.068 0.041
Afro-Asiat 0.059 0.062 0.054 0.061 0.054 0.060 0.055 0.051 0.037 0.003 0.097 0.026 0.042 0.027 0.117 0.062 0.000 0.054 0.067 0.005 0.063
European_S 0.124 0.035 0.143 0.003 0.143 0.033 0.025 0.140 0.112 0.042 0.053 0.011 0.129 0.088 0.105 0.003 0.054 0.000 0.011 0.061 0.040
European_N 0.132 0.036 0.151 0.006 0.151 0.034 0.027 0.148 0.120 0.056 0.057 0.027 0.138 0.096 0.099 0.007 0.067 0.011 0.000 0.073 0.042
Afro-Asiat 0.054 0.067 0.050 0.067 0.050 0.064 0.060 0.048 0.034 0.005 0.102 0.032 0.038 0.025 0.121 0.068 0.005 0.061 0.073 0.000 0.067
 UK_Indian 0.123 0.004 0.136 0.041 0.136 0.002 0.035 0.133 0.108 0.055 0.084 0.037 0.123 0.087 0.067 0.041 0.063 0.040 0.042 0.067 0.000
